{
    "1430": [
        [
            -0.013857072219252586,
            0.10934268683195114,
            0.9939074516296387,
            -1.5421867370605469
        ],
        [
            -0.9997468590736389,
            -0.019138067960739136,
            -0.011832961812615395,
            0.08868622779846191
        ],
        [
            0.017727622762322426,
            -0.9938198924064636,
            0.10958020389080048,
            0.8157225251197815
        ],
        [
            0.0,
            0.0,
            0.0,
            1.0
        ]
    ],
    "1431": [
        [
            -0.015041499398648739,
            0.10932180285453796,
            0.9938926100730896,
            -1.1366043090820312
        ],
        [
            -0.9997295141220093,
            -0.019279364496469498,
            -0.013009137474000454,
            0.08079743385314941
        ],
        [
            0.017739439383149147,
            -0.9938194751739502,
            0.10958222299814224,
            0.8116791248321533
        ],
        [
            0.0,
            0.0,
            0.0,
            1.0
        ]
    ],
    "1432": [
        [
            -0.015594477765262127,
            0.10931199789047241,
            0.9938851594924927,
            -0.6304435729980469
        ],
        [
            -0.9997209906578064,
            -0.019345328211784363,
            -0.013558302074670792,
            0.0720670223236084
        ],
        [
            0.01774495653808117,
            -0.9938192367553711,
            0.10958317667245865,
            0.8066312670707703
        ],
        [
            0.0,
            0.0,
            0.0,
            1.0
        ]
    ],
    "1433": [
        [
            -0.014975522644817829,
            0.10932297259569168,
            0.9938935041427612,
            0.06848526000976562
        ],
        [
            -0.9997304677963257,
            -0.01927150785923004,
            -0.012943663634359837,
            0.06236720085144043
        ],
        [
            0.01773878186941147,
            -0.9938194751739502,
            0.10958211123943329,
            0.7996571660041809
        ],
        [
            0.0,
            0.0,
            0.0,
            1.0
        ]
    ],
    "1434": [
        [
            -0.014743379317224026,
            0.10932708531618118,
            0.993896484375,
            0.37628936767578125
        ],
        [
            -0.9997340440750122,
            -0.019243808463215828,
            -0.012713142670691013,
            0.05772233009338379
        ],
        [
            0.017736464738845825,
            -0.9938195943832397,
            0.10958171635866165,
            0.7965863943099976
        ],
        [
            0.0,
            0.0,
            0.0,
            1.0
        ]
    ],
    "1435": [
        [
            -0.01461030077189207,
            0.10932943224906921,
            0.9938982129096985,
            0.8667259216308594
        ],
        [
            -0.999735951423645,
            -0.01922794058918953,
            -0.012581000104546547,
            0.050510406494140625
        ],
        [
            0.017735138535499573,
            -0.9938195943832397,
            0.10958148539066315,
            0.7916933298110962
        ],
        [
            0.0,
            0.0,
            0.0,
            1.0
        ]
    ],
    "1436": [
        [
            -0.014193499460816383,
            0.10933677852153778,
            0.9939034581184387,
            1.4720802307128906
        ],
        [
            -0.9997420907020569,
            -0.019178207963705063,
            -0.012167047709226608,
            0.04276275634765625
        ],
        [
            0.01773097924888134,
            -0.9938197731971741,
            0.10958077758550644,
            0.7856519222259521
        ],
        [
            0.0,
            0.0,
            0.0,
            1.0
        ]
    ],
    "1437": [
        [
            -0.014408445917069912,
            0.10933298617601395,
            0.9939008355140686,
            1.8714332580566406
        ],
        [
            -0.999738872051239,
            -0.019203850999474525,
            -0.012380571104586124,
            0.03668093681335449
        ],
        [
            0.017733123153448105,
            -0.9938197135925293,
            0.10958114266395569,
            0.781667947769165
        ],
        [
            0.0,
            0.0,
            0.0,
            1.0
        ]
    ],
    "1438": [
        [
            -0.014085937291383743,
            0.1093386709690094,
            0.9939047694206238,
            2.376453399658203
        ],
        [
            -0.9997437000274658,
            -0.01916538178920746,
            -0.012060285545885563,
            0.03036642074584961
        ],
        [
            0.017729906365275383,
            -0.9938198328018188,
            0.10958059132099152,
            0.7766276597976685
        ],
        [
            0.0,
            0.0,
            0.0,
            1.0
        ]
    ],
    "1439": [
        [
            -0.011988545767962933,
            0.10937528312206268,
            0.9939282536506653,
            3.0826148986816406
        ],
        [
            -0.9997712969779968,
            -0.01891511119902134,
            -0.009977461770176888,
            0.0236361026763916
        ],
        [
            0.017708975821733475,
            -0.9938205480575562,
            0.10957703739404678,
            0.7695764899253845
        ],
        [
            0.0,
            0.0,
            0.0,
            1.0
        ]
    ],
    "1440": [
        [
            -0.011972514912486076,
            0.10937555879354477,
            0.9939283728599548,
            3.3988609313964844
        ],
        [
            -0.9997715353965759,
            -0.018913205713033676,
            -0.009961646050214767,
            0.019531965255737305
        ],
        [
            0.01770881563425064,
            -0.9938205480575562,
            0.10957701504230499,
            0.7664204835891724
        ],
        [
            0.0,
            0.0,
            0.0,
            1.0
        ]
    ],
    "1441": [
        [
            -0.011949251405894756,
            0.109375961124897,
            0.9939286112785339,
            3.9099807739257812
        ],
        [
            -0.9997718334197998,
            -0.018910426646471024,
            -0.009938464500010014,
            0.013597249984741211
        ],
        [
            0.017708582803606987,
            -0.9938206076622009,
            0.10957697033882141,
            0.761318564414978
        ],
        [
            0.0,
            0.0,
            0.0,
            1.0
        ]
    ],
    "1442": [
        [
            -0.010110163129866123,
            0.10940764099359512,
            0.9939455389976501,
            4.520488739013672
        ],
        [
            -0.9997924566268921,
            -0.018690919503569603,
            -0.008112117648124695,
            0.010448932647705078
        ],
        [
            0.017690224573016167,
            -0.9938212633132935,
            0.10957389324903488,
            0.7552182674407959
        ],
        [
            0.0,
            0.0,
            0.0,
            1.0
        ]
    ],
    "1443": [
        [
            -0.00895119272172451,
            0.10942739248275757,
            0.9939544796943665,
            4.929767608642578
        ],
        [
            -0.9998037219047546,
            -0.018552567809820175,
            -0.006961310748010874,
            0.008501291275024414
        ],
        [
            0.017678651958703995,
            -0.9938216805458069,
            0.10957197099924088,
            0.7511284351348877
        ],
        [
            0.0,
            0.0,
            0.0,
            1.0
        ]
    ],
    "1444": [
        [
            -0.007627516053617001,
            0.10944974422454834,
            0.9939631819725037,
            5.347572326660156
        ],
        [
            -0.9998148679733276,
            -0.018394529819488525,
            -0.005646860226988792,
            0.007302761077880859
        ],
        [
            0.017665432766079903,
            -0.9938221573829651,
            0.10956979542970657,
            0.7469521164894104
        ],
        [
            0.0,
            0.0,
            0.0,
            1.0
        ]
    ],
    "1445": [
        [
            -0.0047186012379825115,
            0.10949815809726715,
            0.993975818157196,
            6.1616058349609375
        ],
        [
            -0.999833345413208,
            -0.018047111108899117,
            -0.0027581462636590004,
            0.0071468353271484375
        ],
        [
            0.0176363717764616,
            -0.9938231706619263,
            0.10956506431102753,
            0.7388117909431458
        ],
        [
            0.0,
            0.0,
            0.0,
            1.0
        ]
    ],
    "1446": [
        [
            -0.003732142271474004,
            0.10951434075832367,
            0.9939782023429871,
            6.4826202392578125
        ],
        [
            -0.9998376965522766,
            -0.01792927086353302,
            -0.0017787268152460456,
            0.0076007843017578125
        ],
        [
            0.01762651465833187,
            -0.9938235282897949,
            0.10956348478794098,
            0.7356008291244507
        ],
        [
            0.0,
            0.0,
            0.0,
            1.0
        ]
    ],
    "1447": [
        [
            -0.0027327334973961115,
            0.10953062027692795,
            0.9939796924591064,
            6.996315002441406
        ],
        [
            -0.999841034412384,
            -0.01780986599624157,
            -0.0007862353231757879,
            0.007533550262451172
        ],
        [
            0.017616525292396545,
            -0.9938238859176636,
            0.10956188291311264,
            0.7304638028144836
        ],
        [
            0.0,
            0.0,
            0.0,
            1.0
        ]
    ],
    "1448": [
        [
            -0.0007022790960036218,
            0.10956333577632904,
            0.9939796328544617,
            7.608539581298828
        ],
        [
            -0.9998449683189392,
            -0.01756722293794155,
            0.0012300796806812286,
            0.010223388671875
        ],
        [
            0.017596226185560226,
            -0.9938246011734009,
            0.10955867916345596,
            0.7243370413780212
        ],
        [
            0.0,
            0.0,
            0.0,
            1.0
        ]
    ],
    "1449": [
        [
            0.00040975489537231624,
            0.10958103835582733,
            0.9939779043197632,
            8.023395538330078
        ],
        [
            -0.9998453259468079,
            -0.01743430830538273,
            0.002334323013201356,
            0.01206660270690918
        ],
        [
            0.017585106194019318,
            -0.9938249588012695,
            0.10955693572759628,
            0.720185399055481
        ],
        [
            0.0,
            0.0,
            0.0,
            1.0
        ]
    ],
    "1450": [
        [
            0.0018888802733272314,
            0.1096043512225151,
            0.993973433971405,
            8.543720245361328
        ],
        [
            -0.9998438954353333,
            -0.017257487401366234,
            0.0038030303549021482,
            0.015308856964111328
        ],
        [
            0.017570311203598976,
            -0.9938254952430725,
            0.10955464094877243,
            0.7149768471717834
        ],
        [
            0.0,
            0.0,
            0.0,
            1.0
        ]
    ],
    "1451": [
        [
            0.003819807665422559,
            0.1096343994140625,
            0.9939646124839783,
            9.246761322021484
        ],
        [
            -0.9998387694358826,
            -0.017026599496603012,
            0.005720445886254311,
            0.020635366439819336
        ],
        [
            0.017550993710756302,
            -0.993826150894165,
            0.10955167561769485,
            0.7079377174377441
        ],
        [
            0.0,
            0.0,
            0.0,
            1.0
        ]
    ],
    "1452": [
        [
            0.005257188808172941,
            0.10965647548437119,
            0.9939556121826172,
            9.45644760131836
        ],
        [
            -0.9998323917388916,
            -0.01685468479990959,
            0.007147757802158594,
            0.024333715438842773
        ],
        [
            0.01753661036491394,
            -0.993826687335968,
            0.10954949259757996,
            0.7058349251747131
        ],
        [
            0.0,
            0.0,
            0.0,
            1.0
        ]
    ],
    "1453": [
        [
            0.006561662070453167,
            0.1096763014793396,
            0.9939457178115845,
            10.086315155029297
        ],
        [
            -0.9998249411582947,
            -0.01669863611459732,
            0.008443079888820648,
            0.030271053314208984
        ],
        [
            0.01752355322241783,
            -0.9938271045684814,
            0.10954752564430237,
            0.6995264887809753
        ],
        [
            0.0,
            0.0,
            0.0,
            1.0
        ]
    ],
    "1454": [
        [
            0.008407630026340485,
            0.10970401018857956,
            0.9939287900924683,
            10.795207977294922
        ],
        [
            -0.9998115301132202,
            -0.01647777669131756,
            0.010276098735630512,
            0.03817868232727051
        ],
        [
            0.017505070194602013,
            -0.993827760219574,
            0.1095447763800621,
            0.6924247145652771
        ],
        [
            0.0,
            0.0,
            0.0,
            1.0
        ]
    ],
    "1455": [
        [
            0.009636886417865753,
            0.10972222685813904,
            0.9939156770706177,
            11.07900619506836
        ],
        [
            -0.9998005628585815,
            -0.016330661252141,
            0.01149683352559805,
            0.042524099349975586
        ],
        [
            0.017492759972810745,
            -0.9938281774520874,
            0.10954296588897705,
            0.6895797252655029
        ],
        [
            0.0,
            0.0,
            0.0,
            1.0
        ]
    ],
    "1456": [
        [
            0.01003200002014637,
            0.10972803831100464,
            0.9939110279083252,
            11.472591400146484
        ],
        [
            -0.9997966885566711,
            -0.01628337800502777,
            0.011889128014445305,
            0.04645681381225586
        ],
        [
            0.01748880371451378,
            -0.993828296661377,
            0.10954238474369049,
            0.6856374740600586
        ],
        [
            0.0,
            0.0,
            0.0,
            1.0
        ]
    ],
    "1457": [
        [
            0.010497160255908966,
            0.10973487049341202,
            0.9939054846763611,
            12.220508575439453
        ],
        [
            -0.9997919797897339,
            -0.01622769981622696,
            0.012351101264357567,
            0.05477643013000488
        ],
        [
            0.017484143376350403,
            -0.9938284754753113,
            0.10954170674085617,
            0.6781448721885681
        ],
        [
            0.0,
            0.0,
            0.0,
            1.0
        ]
    ],
    "1458": [
        [
            0.011083288118243217,
            0.10974343866109848,
            0.9938981533050537,
            12.508533477783203
        ],
        [
            -0.9997859001159668,
            -0.016157537698745728,
            0.012933088466525078,
            0.05875349044799805
        ],
        [
            0.017478272318840027,
            -0.9938286542892456,
            0.10954084992408752,
            0.6752581596374512
        ],
        [
            0.0,
            0.0,
            0.0,
            1.0
        ]
    ],
    "1459": [
        [
            0.011786527000367641,
            0.10975365340709686,
            0.9938889741897583,
            12.928203582763672
        ],
        [
            -0.9997779130935669,
            -0.016073353588581085,
            0.013631362468004227,
            0.06386280059814453
        ],
        [
            0.017471227794885635,
            -0.9938288927078247,
            0.10953982919454575,
            0.6710531711578369
        ],
        [
            0.0,
            0.0,
            0.0,
            1.0
        ]
    ],
    "1460": [
        [
            0.012900258414447308,
            0.10976972430944443,
            0.9938733577728271,
            13.423625946044922
        ],
        [
            -0.9997643828392029,
            -0.01594001054763794,
            0.014737394638359547,
            0.0710442066192627
        ],
        [
            0.017460068687796593,
            -0.9938292503356934,
            0.10953822731971741,
            0.6660873293876648
        ],
        [
            0.0,
            0.0,
            0.0,
            1.0
        ]
    ],
    "1461": [
        [
            0.01205743383616209,
            0.10975758731365204,
            0.9938852190971375,
            13.747196197509766
        ],
        [
            -0.9997748136520386,
            -0.016040930524468422,
            0.013900344260036945,
            0.07351469993591309
        ],
        [
            0.017468513920903206,
            -0.9938289523124695,
            0.1095394417643547,
            0.6628475189208984
        ],
        [
            0.0,
            0.0,
            0.0,
            1.0
        ]
    ],
    "1462": [
        [
            0.012638917192816734,
            0.10976597666740417,
            0.993877112865448,
            14.145206451416016
        ],
        [
            -0.9997676610946655,
            -0.01597130298614502,
            0.0144778061658144,
            0.07945442199707031
        ],
        [
            0.017462685704231262,
            -0.9938291907310486,
            0.10953859984874725,
            0.6588578820228577
        ],
        [
            0.0,
            0.0,
            0.0,
            1.0
        ]
    ],
    "1463": [
        [
            0.013928059488534927,
            0.10978442430496216,
            0.9938578605651855,
            14.64755630493164
        ],
        [
            -0.9997507929801941,
            -0.015816953033208847,
            0.01575777865946293,
            0.08782196044921875
        ],
        [
            0.017449768260121346,
            -0.993829607963562,
            0.10953675210475922,
            0.6538208723068237
        ],
        [
            0.0,
            0.0,
            0.0,
            1.0
        ]
    ],
    "1464": [
        [
            0.013952498324215412,
            0.10978477448225021,
            0.9938575029373169,
            14.79770278930664
        ],
        [
            -0.9997504353523254,
            -0.01581401564180851,
            0.015782149508595467,
            0.08963680267333984
        ],
        [
            0.017449522390961647,
            -0.993829607963562,
            0.10953672230243683,
            0.6523165106773376
        ],
        [
            0.0,
            0.0,
            0.0,
            1.0
        ]
    ],
    "1465": [
        [
            0.014493252150714397,
            0.10979244858026505,
            0.9938489198684692,
            15.20956039428711
        ],
        [
            -0.9997428059577942,
            -0.015749266371130943,
            0.016318999230861664,
            0.09603404998779297
        ],
        [
            0.017444103956222534,
            -0.9938297867774963,
            0.10953595489263535,
            0.6481875777244568
        ],
        [
            0.0,
            0.0,
            0.0,
            1.0
        ]
    ],
    "1466": [
        [
            0.01487695425748825,
            0.1097978726029396,
            0.993842601776123,
            15.692203521728516
        ],
        [
            -0.9997372627258301,
            -0.015703309327363968,
            0.016700131818652153,
            0.1032862663269043
        ],
        [
            0.017440257593989372,
            -0.9938299059867859,
            0.10953541100025177,
            0.6433494687080383
        ],
        [
            0.0,
            0.0,
            0.0,
            1.0
        ]
    ],
    "1467": [
        [
            0.015509134158492088,
            0.10980678349733353,
            0.993831992149353,
            15.884723663330078
        ],
        [
            -0.999727725982666,
            -0.01562759093940258,
            0.01732790656387806,
            0.10724592208862305
        ],
        [
            0.01743392087519169,
            -0.993830144405365,
            0.10953451693058014,
            0.6414178013801575
        ],
        [
            0.0,
            0.0,
            0.0,
            1.0
        ]
    ],
    "1468": [
        [
            0.01591859757900238,
            0.10981252789497375,
            0.99382483959198,
            16.21335220336914
        ],
        [
            -0.9997214078903198,
            -0.015578549355268478,
            0.017734410241246223,
            0.11283540725708008
        ],
        [
            0.017429815605282784,
            -0.9938302636146545,
            0.10953393578529358,
            0.6381224989891052
        ],
        [
            0.0,
            0.0,
            0.0,
            1.0
        ]
    ],
    "1469": [
        [
            0.01647474244236946,
            0.10982029139995575,
            0.9938149452209473,
            16.632617950439453
        ],
        [
            -0.9997124671936035,
            -0.015511933714151382,
            0.018286701291799545,
            0.12028360366821289
        ],
        [
            0.017424238845705986,
            -0.9938304424285889,
            0.1095331609249115,
            0.6339178681373596
        ],
        [
            0.0,
            0.0,
            0.0,
            1.0
        ]
    ],
    "1470": [
        [
            0.016743643209338188,
            0.1098240315914154,
            0.9938099980354309,
            16.814373016357422
        ],
        [
            -0.9997079968452454,
            -0.015479713678359985,
            0.018553681671619415,
            0.1235506534576416
        ],
        [
            0.01742154359817505,
            -0.9938305020332336,
            0.10953278094530106,
            0.6320950388908386
        ],
        [
            0.0,
            0.0,
            0.0,
            1.0
        ]
    ],
    "1471": [
        [
            0.016589002683758736,
            0.10982188582420349,
            0.9938128590583801,
            17.087169647216797
        ],
        [
            -0.9997105598449707,
            -0.015498241409659386,
            0.018400119617581367,
            0.12773990631103516
        ],
        [
            0.01742309331893921,
            -0.9938305020332336,
            0.10953299701213837,
            0.6293603777885437
        ],
        [
            0.0,
            0.0,
            0.0,
            1.0
        ]
    ],
    "1472": [
        [
            0.01690085418522358,
            0.1098262146115303,
            0.9938071370124817,
            17.418270111083984
        ],
        [
            -0.9997054934501648,
            -0.015460889786481857,
            0.018709754571318626,
            0.13387656211853027
        ],
        [
            0.01741996593773365,
            -0.9938305616378784,
            0.10953256487846375,
            0.626039445400238
        ],
        [
            0.0,
            0.0,
            0.0,
            1.0
        ]
    ],
    "1473": [
        [
            0.01751522906124592,
            0.10983472317457199,
            0.9937955737113953,
            17.63778305053711
        ],
        [
            -0.9996949434280396,
            -0.015387282706797123,
            0.019319849088788033,
            0.13869547843933105
        ],
        [
            0.017413806170225143,
            -0.9938308000564575,
            0.1095317080616951,
            0.6238365173339844
        ],
        [
            0.0,
            0.0,
            0.0,
            1.0
        ]
    ],
    "1474": [
        [
            0.018033912405371666,
            0.10984187573194504,
            0.9937855005264282,
            17.903499603271484
        ],
        [
            -0.9996858835220337,
            -0.015325140208005905,
            0.019834909588098526,
            0.14430522918701172
        ],
        [
            0.01740860566496849,
            -0.9938309788703918,
            0.1095309853553772,
            0.6211703419685364
        ],
        [
            0.0,
            0.0,
            0.0,
            1.0
        ]
    ],
    "1475": [
        [
            0.01790451817214489,
            0.10984008759260178,
            0.9937880635261536,
            18.251636505126953
        ],
        [
            -0.9996880888938904,
            -0.015340649522840977,
            0.01970638893544674,
            0.1502699851989746
        ],
        [
            0.017409902065992355,
            -0.9938309192657471,
            0.10953116416931152,
            0.6176793575286865
        ],
        [
            0.0,
            0.0,
            0.0,
            1.0
        ]
    ],
    "1476": [
        [
            0.018383121117949486,
            0.10984666645526886,
            0.9937785267829895,
            18.398365020751953
        ],
        [
            -0.9996795058250427,
            -0.015283291228115559,
            0.02018170990049839,
            0.15390825271606445
        ],
        [
            0.017405102029442787,
            -0.9938310980796814,
            0.1095305010676384,
            0.6162062287330627
        ],
        [
            0.0,
            0.0,
            0.0,
            1.0
        ]
    ],
    "1477": [
        [
            0.019082961603999138,
            0.10985622555017471,
            0.993764340877533,
            18.63852310180664
        ],
        [
            -0.9996665120124817,
            -0.015199446119368076,
            0.020876578986644745,
            0.15970659255981445
        ],
        [
            0.017398083582520485,
            -0.9938312768936157,
            0.1095295399427414,
            0.6137953400611877
        ],
        [
            0.0,
            0.0,
            0.0,
            1.0
        ]
    ],
    "1478": [
        [
            0.01947673410177231,
            0.1098615750670433,
            0.993756115436554,
            18.97037124633789
        ],
        [
            -0.99965900182724,
            -0.015152256935834885,
            0.021267583593726158,
            0.16671371459960938
        ],
        [
            0.017394132912158966,
            -0.99383145570755,
            0.10952899605035782,
            0.6104655861854553
        ],
        [
            0.0,
            0.0,
            0.0,
            1.0
        ]
    ],
    "1479": [
        [
            0.01980118453502655,
            0.10986597836017609,
            0.9937492609024048,
            19.109058380126953
        ],
        [
            -0.9996528029441833,
            -0.015113371424376965,
            0.021589718759059906,
            0.17003750801086426
        ],
        [
            0.01739087887108326,
            -0.9938315153121948,
            0.1095285564661026,
            0.6090733408927917
        ],
        [
            0.0,
            0.0,
            0.0,
            1.0
        ]
    ],
    "1480": [
        [
            0.020217599347233772,
            0.10987160354852676,
            0.9937401413917542,
            19.333003997802734
        ],
        [
            -0.9996444582939148,
            -0.015063466504216194,
            0.022003214806318283,
            0.17540836334228516
        ],
        [
            0.017386700958013535,
            -0.9938316941261292,
            0.10952798277139664,
            0.6068252921104431
        ],
        [
            0.0,
            0.0,
            0.0,
            1.0
        ]
    ],
    "1481": [
        [
            0.02096562832593918,
            0.10988166928291321,
            0.9937236309051514,
            19.63448715209961
        ],
        [
            -0.9996290802955627,
            -0.014973806217312813,
            0.02274603210389614,
            0.18308591842651367
        ],
        [
            0.017379196360707283,
            -0.9938319325447083,
            0.10952696949243546,
            0.6037980914115906
        ],
        [
            0.0,
            0.0,
            0.0,
            1.0
        ]
    ],
    "1482": [
        [
            0.02120496891438961,
            0.10988485813140869,
            0.993718147277832,
            19.760990142822266
        ],
        [
            -0.9996241331100464,
            -0.014945120550692081,
            0.022983692586421967,
            0.1862645149230957
        ],
        [
            0.017376795411109924,
            -0.993831992149353,
            0.10952664166688919,
            0.6025279760360718
        ],
        [
            0.0,
            0.0,
            0.0,
            1.0
        ]
    ],
    "1483": [
        [
            0.021867765113711357,
            0.10989369451999664,
            0.9937027096748352,
            19.971263885498047
        ],
        [
            -0.9996100068092346,
            -0.014865671284496784,
            0.023641830310225487,
            0.1920146942138672
        ],
        [
            0.01737014390528202,
            -0.9938322305679321,
            0.10952574759721756,
            0.6004160642623901
        ],
        [
            0.0,
            0.0,
            0.0,
            1.0
        ]
    ],
    "1484": [
        [
            0.022222362458705902,
            0.1098983958363533,
            0.9936944246292114,
            20.214900970458984
        ],
        [
            -0.9996022582054138,
            -0.01482316106557846,
            0.023993948474526405,
            0.19800972938537598
        ],
        [
            0.01736658625304699,
            -0.9938322901725769,
            0.10952527076005936,
            0.5979699492454529
        ],
        [
            0.0,
            0.0,
            0.0,
            1.0
        ]
    ],
    "1485": [
        [
            0.021916572004556656,
            0.10989433526992798,
            0.9937016367912292,
            20.373584747314453
        ],
        [
            -0.9996088743209839,
            -0.014859823510050774,
            0.023690247908234596,
            0.2009880542755127
        ],
        [
            0.017369654029607773,
            -0.9938322305679321,
            0.10952568054199219,
            0.5963783264160156
        ],
        [
            0.0,
            0.0,
            0.0,
            1.0
        ]
    ],
    "1486": [
        [
            0.022376522421836853,
            0.10990042984485626,
            0.9936906695365906,
            20.56667709350586
        ],
        [
            -0.9995988011360168,
            -0.014804682694375515,
            0.024146966636180878,
            0.20624446868896484
        ],
        [
            0.01736503839492798,
            -0.9938323497772217,
            0.10952506959438324,
            0.5944389700889587
        ],
        [
            0.0,
            0.0,
            0.0,
            1.0
        ]
    ],
    "1487": [
        [
            0.02181381918489933,
            0.10989297181367874,
            0.993704080581665,
            20.828670501708984
        ],
        [
            -0.9996111989021301,
            -0.014872140251100063,
            0.023588258773088455,
            0.21122074127197266
        ],
        [
            0.017370685935020447,
            -0.9938321709632874,
            0.10952582210302353,
            0.5918110609054565
        ],
        [
            0.0,
            0.0,
            0.0,
            1.0
        ]
    ],
    "1488": [
        [
            0.02184859849512577,
            0.10989343374967575,
            0.9937032461166382,
            20.90359878540039
        ],
        [
            -0.9996103644371033,
            -0.014867966994643211,
            0.023622777312994003,
            0.21306443214416504
        ],
        [
            0.01737033575773239,
            -0.9938321709632874,
            0.10952577739953995,
            0.5910588502883911
        ],
        [
            0.0,
            0.0,
            0.0,
            1.0
        ]
    ],
    "1489": [
        [
            0.020512422546744347,
            0.10987557470798492,
            0.9937337040901184,
            21.12399673461914
        ],
        [
            -0.9996384978294373,
            -0.015028132125735283,
            0.022296050563454628,
            0.2154369354248047
        ],
        [
            0.017383743077516556,
            -0.9938317537307739,
            0.1095275804400444,
            0.5888510346412659
        ],
        [
            0.0,
            0.0,
            0.0,
            1.0
        ]
    ],
    "1490": [
        [
            0.020087288692593575,
            0.1098698303103447,
            0.9937430024147034,
            21.34585189819336
        ],
        [
            -0.9996470212936401,
            -0.01507907547056675,
            0.02187388762831688,
            0.21953177452087402
        ],
        [
            0.017388008534908295,
            -0.9938316345214844,
            0.10952816158533096,
            0.5866258144378662
        ],
        [
            0.0,
            0.0,
            0.0,
            1.0
        ]
    ],
    "1491": [
        [
            0.0198772381991148,
            0.10986699908971786,
            0.9937475919723511,
            21.498432159423828
        ],
        [
            -0.9996512532234192,
            -0.015104252845048904,
            0.021665239706635475,
            0.22226572036743164
        ],
        [
            0.017390115186572075,
            -0.9938315749168396,
            0.10952845215797424,
            0.5850956439971924
        ],
        [
            0.0,
            0.0,
            0.0,
            1.0
        ]
    ],
    "1492": [
        [
            0.019217198714613914,
            0.10985805094242096,
            0.9937615394592285,
            21.68655014038086
        ],
        [
            -0.9996640086174011,
            -0.015183357521891594,
            0.021009821444749832,
            0.22488164901733398
        ],
        [
            0.01739673689007759,
            -0.9938313364982605,
            0.10952935367822647,
            0.5832102298736572
        ],
        [
            0.0,
            0.0,
            0.0,
            1.0
        ]
    ],
    "1493": [
        [
            0.017498919740319252,
            0.10983449965715408,
            0.9937958717346191,
            21.951656341552734
        ],
        [
            -0.9996953010559082,
            -0.015389235690236092,
            0.019303714856505394,
            0.22691082954406738
        ],
        [
            0.017413970082998276,
            -0.9938308000564575,
            0.10953173041343689,
            0.58055579662323
        ],
        [
            0.0,
            0.0,
            0.0,
            1.0
        ]
    ],
    "1494": [
        [
            0.017270278185606003,
            0.10983134061098099,
            0.9938002228736877,
            22.062320709228516
        ],
        [
            -0.9996992349624634,
            -0.015416637063026428,
            0.01907656341791153,
            0.22857379913330078
        ],
        [
            0.01741626299917698,
            -0.993830680847168,
            0.10953204333782196,
            0.5794464945793152
        ],
        [
            0.0,
            0.0,
            0.0,
            1.0
        ]
    ],
    "1495": [
        [
            0.016835089772939682,
            0.10982530564069748,
            0.9938082695007324,
            22.253040313720703
        ],
        [
            -0.9997065663337708,
            -0.015468777157366276,
            0.018644412979483604,
            0.23117351531982422
        ],
        [
            0.017420625314116478,
            -0.9938305616378784,
            0.10953265428543091,
            0.5775350332260132
        ],
        [
            0.0,
            0.0,
            0.0,
            1.0
        ]
    ],
    "1496": [
        [
            0.015772685408592224,
            0.1098104789853096,
            0.9938273429870605,
            22.476375579833984
        ],
        [
            -0.9997236728668213,
            -0.015596024692058563,
            0.017589611932635307,
            0.2330307960510254
        ],
        [
            0.01743127778172493,
            -0.9938302040100098,
            0.10953414440155029,
            0.5752986669540405
        ],
        [
            0.0,
            0.0,
            0.0,
            1.0
        ]
    ],
    "1497": [
        [
            0.014782747253775597,
            0.10979655385017395,
            0.993844211101532,
            22.63089370727539
        ],
        [
            -0.9997385740280151,
            -0.015714595094323158,
            0.016606561839580536,
            0.23367619514465332
        ],
        [
            0.017441201955080032,
            -0.9938299059867859,
            0.10953553766012192,
            0.5737524032592773
        ],
        [
            0.0,
            0.0,
            0.0,
            1.0
        ]
    ],
    "1498": [
        [
            0.014602293260395527,
            0.10979399085044861,
            0.9938471913337708,
            22.786312103271484
        ],
        [
            -0.9997413158416748,
            -0.015736211091279984,
            0.01642732135951519,
            0.23590636253356934
        ],
        [
            0.017443010583519936,
            -0.9938298463821411,
            0.10953579843044281,
            0.5721946358680725
        ],
        [
            0.0,
            0.0,
            0.0,
            1.0
        ]
    ],
    "1499": [
        [
            0.013672317378222942,
            0.10978078097105026,
            0.993861734867096,
            23.122417449951172
        ],
        [
            -0.9997541904449463,
            -0.015847574919462204,
            0.015503906644880772,
            0.2392110824584961
        ],
        [
            0.017452331259846687,
            -0.9938294887542725,
            0.10953712463378906,
            0.5688281655311584
        ],
        [
            0.0,
            0.0,
            0.0,
            1.0
        ]
    ],
    "1500": [
        [
            0.01336069405078888,
            0.1097763329744339,
            0.9938665628433228,
            23.245960235595703
        ],
        [
            -0.9997583627700806,
            -0.0158848837018013,
            0.015194552950561047,
            0.24033284187316895
        ],
        [
            0.0174554530531168,
            -0.9938294291496277,
            0.10953756421804428,
            0.5675909519195557
        ],
        [
